---
name: Basic Contour Plot
plot_url: https://plot.ly/~PlotBot/58
language: python
suite: contour
description: Pre-defined color scales: 'pairs' | 'Greys' | 'Greens' | 'Bluered' | 'Hot' | 'Picnic' | 'Portland' | 'Jet' | 'RdBu' | 'Blackbody' | 'Earth' | 'Electric' | 'YIOrRd' | 'YIGnBu'
order: 3
---
# Learn about API authentication here: https://plot.ly/python/getting-started
# Find your api_key here: https://plot.ly/settings/api

import plotly.plotly as py
from plotly.graph_objs import *

data = Data([
    Contour(
        z=[[50, 45.01385042, 40.58171745, 36.70360111, 33.37950139, 30.60941828, 28.3933518, 26.73130194, 25.6232687, 25.06925208, 25.06925208, 25.6232687, 26.73130194, 28.3933518, 30.60941828, 33.37950139, 36.70360111, 40.58171745, 45.01385042, 50], [45.01385042, 40.02770083, 35.59556787, 31.71745152, 28.3933518, 25.6232687, 23.40720222, 21.74515235, 20.63711911, 20.08310249, 20.08310249, 20.63711911, 21.74515235, 23.40720222, 25.6232687, 28.3933518, 31.71745152, 35.59556787, 40.02770083, 45.01385042], [40.58171745,35.59556787,31.1634349, 27.28531856,23.96121884, 21.19113573,18.97506925,17.31301939,16.20498615,15.65096953, 15.65096953,16.20498615,17.31301939,18.97506925,21.19113573, 23.96121884,27.28531856,31.1634349, 35.59556787,40.58171745], [ 36.70360111,31.71745152,27.28531856,23.40720222,20.08310249, 17.31301939,15.09695291,13.43490305,12.32686981,11.77285319, 11.77285319,12.32686981,13.43490305,15.09695291,17.31301939, 20.08310249,23.40720222,27.28531856,31.71745152,36.70360111], [ 33.37950139,28.3933518, 23.96121884,20.08310249,16.75900277, 13.98891967,11.77285319,10.11080332, 9.00277008, 8.44875346, 8.44875346, 9.00277008,10.11080332,11.77285319,13.98891967, 16.75900277,20.08310249,23.96121884,28.3933518, 33.37950139], [ 30.60941828,25.6232687, 21.19113573,17.31301939,13.98891967, 11.21883657, 9.00277008, 7.34072022, 6.23268698, 5.67867036, 5.67867036, 6.23268698, 7.34072022, 9.00277008,11.21883657, 13.98891967,17.31301939,21.19113573,25.6232687, 30.60941828], [ 28.3933518, 23.40720222,18.97506925,15.09695291,11.77285319, 9.00277008, 6.7867036, 5.12465374, 4.0166205, 3.46260388, 3.46260388, 4.0166205, 5.12465374, 6.7867036, 9.00277008, 11.77285319,15.09695291,18.97506925,23.40720222,28.3933518 ], [ 26.73130194,21.74515235,17.31301939,13.43490305,10.11080332, 7.34072022, 5.12465374, 3.46260388, 2.35457064, 1.80055402, 1.80055402, 2.35457064, 3.46260388, 5.12465374, 7.34072022, 10.11080332,13.43490305,17.31301939,21.74515235,26.73130194], [ 25.6232687, 20.63711911,16.20498615,12.32686981, 9.00277008, 6.23268698, 4.0166205, 2.35457064, 1.2465374, 0.69252078, 0.69252078, 1.2465374, 2.35457064, 4.0166205, 6.23268698, 9.00277008,12.32686981,16.20498615,20.63711911,25.6232687 ], [ 25.06925208,20.08310249,15.65096953,11.77285319, 8.44875346, 5.67867036, 3.46260388, 1.80055402, 0.69252078, 0.13850416, 0.13850416, 0.69252078, 1.80055402, 3.46260388, 5.67867036, 8.44875346,11.77285319,15.65096953,20.08310249,25.06925208], [ 25.06925208,20.08310249,15.65096953,11.77285319, 8.44875346, 5.67867036, 3.46260388, 1.80055402, 0.69252078, 0.13850416, 0.13850416, 0.69252078, 1.80055402, 3.46260388, 5.67867036, 8.44875346,11.77285319,15.65096953,20.08310249,25.06925208], [ 25.6232687, 20.63711911,16.20498615,12.32686981, 9.00277008, 6.23268698, 4.0166205, 2.35457064, 1.2465374, 0.69252078, 0.69252078, 1.2465374, 2.35457064, 4.0166205, 6.23268698, 9.00277008,12.32686981,16.20498615,20.63711911,25.6232687 ], [ 26.73130194,21.74515235,17.31301939,13.43490305,10.11080332, 7.34072022, 5.12465374, 3.46260388, 2.35457064, 1.80055402, 1.80055402, 2.35457064, 3.46260388, 5.12465374, 7.34072022, 10.11080332,13.43490305,17.31301939,21.74515235,26.73130194], [ 28.3933518, 23.40720222,18.97506925,15.09695291,11.77285319, 9.00277008, 6.7867036, 5.12465374, 4.0166205, 3.46260388, 3.46260388, 4.0166205, 5.12465374, 6.7867036, 9.00277008, 11.77285319,15.09695291,18.97506925,23.40720222,28.3933518 ], [ 30.60941828,25.6232687, 21.19113573,17.31301939,13.98891967, 11.21883657, 9.00277008, 7.34072022, 6.23268698, 5.67867036, 5.67867036, 6.23268698, 7.34072022, 9.00277008,11.21883657, 13.98891967,17.31301939,21.19113573,25.6232687, 30.60941828], [ 33.37950139,28.3933518, 23.96121884,20.08310249,16.75900277, 13.98891967,11.77285319,10.11080332, 9.00277008, 8.44875346, 8.44875346, 9.00277008,10.11080332,11.77285319,13.98891967, 16.75900277,20.08310249,23.96121884,28.3933518, 33.37950139], [ 36.70360111,31.71745152,27.28531856,23.40720222,20.08310249, 17.31301939,15.09695291,13.43490305,12.32686981,11.77285319, 11.77285319,12.32686981,13.43490305,15.09695291,17.31301939, 20.08310249,23.40720222,27.28531856,31.71745152,36.70360111], [ 40.58171745,35.59556787,31.1634349, 27.28531856,23.96121884, 21.19113573,18.97506925,17.31301939,16.20498615,15.65096953, 15.65096953,16.20498615,17.31301939,18.97506925,21.19113573, 23.96121884,27.28531856,31.1634349, 35.59556787,40.58171745], [ 45.01385042,40.02770083,35.59556787,31.71745152,28.3933518, 25.6232687, 23.40720222,21.74515235,20.63711911,20.08310249, 20.08310249,20.63711911,21.74515235,23.40720222,25.6232687, 28.3933518, 31.71745152,35.59556787,40.02770083,45.01385042], [ 50,45.01385042,40.58171745,36.70360111,33.37950139, 30.60941828,28.3933518, 26.73130194,25.6232687, 25.06925208, 25.06925208,25.6232687, 26.73130194,28.3933518, 30.60941828, 33.37950139,36.70360111,40.58171745,45.01385042,50]],
        colorscale='Jet',
    )
])

py.iplot(data, filename='simple-contour-colorscale')
