<!DOCTYPE html>
<html>
<head>
  <!-- This page was last built at 2022-06-12 19:02 -->

  <meta charset="utf-8" />

  <link rel="canonical" href="https://plotly.com/julia/3d-surface-plots/" />
  <link rel="preconnect" href="https://fonts.googleapis.com" />
  <link rel="preconnect" href="https://fonts.gstatic.com" crossorigin />
  <link href="https://fonts.googleapis.com/css2?family=Roboto:ital,wght@1,500&display=swap" rel="stylesheet" />

  <!-- Media query magic - http://stackoverflow.com/questions/19945658/my-iphone-thinks-its-980px-wide -->
  <meta name="viewport" content="width=device-width, initial-scale=1.0" />
  <script src="/all_static/javascripts/algolia/instantsearch.js"></script>
  <script src="/all_static/javascripts/algolia/polyfill.min.js"></script>
  <script src="//ajax.googleapis.com/ajax/libs/jquery/2.2.0/jquery.min.js"></script>
  <script src="https://cdn.jsdelivr.net/npm/popper.js@1.16.0/dist/umd/popper.min.js" integrity="sha384-Q6E9RHvbIyZFJoft+2mJbHaEWldlvI9IOYy5n3zV9zzTtmI3UksdQRVvoxMfooAo" crossorigin="anonymous"></script>

  <script>
    const theme = localStorage.getItem('theme');
    if (theme === "dark-mode") {
      var root = document.getElementsByTagName('html')[0]; // '0' to assign the first (and only `HTML` tag)
      root.setAttribute('class', 'dark-mode');
    }

  </script>
  <link rel="stylesheet" href="https://stackpath.bootstrapcdn.com/bootstrap/3.3.6/css/bootstrap.min.css" crossorigin="anonymous">
  <script src="https://stackpath.bootstrapcdn.com/bootstrap/3.3.6/js/bootstrap.min.js" crossorigin="anonymous"></script>

   
  <!-- code highlighting -->
  <!-- <script src="//cdnjs.cloudflare.com/ajax/libs/highlight.js/8.8.0/highlight.min.js"></script>
  <script>
    hljs.initHighlightingOnLoad();
  </script>-->
  

  <!-- Mathjax -->
  <script type="text/javascript" src="//cdnjs.cloudflare.com/ajax/libs/mathjax/2.7.5/MathJax.js?config=TeX-MML-AM_CHTML"></script>

   
  <!-- Plotly.js -->
  <script src="https://cdn.plot.ly/plotly-2.12.1.min.js"></script>
   
  <script type="text/javascript" src="https://cdnjs.cloudflare.com/ajax/libs/require.js/2.3.2/require.js"></script>
  <script type="text/javascript">
    if (typeof require !== "undefined") {
      require.undef("plotly");
      requirejs.config({
        paths: {
          plotly: [
            "https://cdn.plot.ly/plotly-2.12.1.min",
          ],
        },
      });
      require(["plotly"], function(Plotly) {
        window._Plotly = Plotly;
      });
    }

  </script>
   
  <!--
      //// Stylesheets
      -->

   

  <!-- Fonts -->
  <link href="//fonts.googleapis.com/css?family=Open+Sans:400,300,300italic,400italic,600,600italic,700,700italic,800,800italic|Ubuntu+Mono:400,700|Asap" rel="stylesheet" type="text/css" />

  <link rel="stylesheet" href="//maxcdn.bootstrapcdn.com/font-awesome/4.3.0/css/font-awesome.min.css" />

  <!-- Main Stylesheets -->
  <link rel="stylesheet" type="text/css" href="/all_static/css/main.css?version=false" />
  <link rel="stylesheet" type="text/css" href="/all_static/css/improve.css?version=2022-06-12-19-02">

  <!-- LOCAL DEV STYLESHEET -->
  <!--<link rel="stylesheet" type="text/css" href="http://api.plotly.dev/all_static/css/main.css">-->

  <!-- Icon -->
  <link rel="shortcut icon" href="https://plotly.com/img/favicon.ico" />

  <!-- Google Tags-->
  <!-- Google Tag Manager Tag -->
<script>(function(w,d,s,l,i){w[l]=w[l]||[];w[l].push({'gtm.start':
new Date().getTime(),event:'gtm.js'});var f=d.getElementsByTagName(s)[0],
j=d.createElement(s),dl=l!='dataLayer'?'&l='+l:'';j.async=true;j.src=
'https://www.googletagmanager.com/gtm.js?id='+i+dl;f.parentNode.insertBefore(j,f);
})(window,document,'script','dataLayer','GTM-N6T2RXG');</script>


  <!-- META TAGS -->
  <!-- Capture language -->

<!-- Create a title -->

<!-- Count number of plots on the page -->







<!-- SEO Tags - title, meta_description -->
<title>
     3d surface plots in Julia
</title>
<meta name="description" content="Detailed examples of 3D Surface Plots including changing color, size, log axes, and more in Julia.">

<!-- Bing tags -->
    <meta name="msvalidate.01" content="D319859A832F9F1D15A7646E2A42150A" />
<!-- Facebook tags -->
    <meta property="og:title" content=
     3d surface plots in Julia
/>
    <meta property="og:type" content="website"/>
    <meta property="og:image" content="https://images.plot.ly/plotly-documentation/thumbnail/3d-surface.jpg">
    <meta property="og:description" content="Detailed examples of 3D Surface Plots including changing color, size, log axes, and more in Julia."/>
    <meta property="og:url" />
    <meta property="fb:admins" content="1123751525"/>
    <meta property="fb:admins" content="22418"/>

<!-- twitter tags -->
    <meta name="twitter:card" content="photo" />
    <meta name="twitter:title" content=
     3d surface plots in Julia
/>
    <meta name="twitter:url" content="https://plotly.com/julia/3d-surface-plots/"/>
    <meta name="twitter:description" content="Detailed examples of 3D Surface Plots including changing color, size, log axes, and more in Julia."/>
    <meta name="twitter:image" content="https://images.plot.ly/plotly-documentation/thumbnail/3d-surface.jpg">
    <meta name="twitter:site" content="@plotlygraphs"/>


</head>


<body data-spy="scroll" data-target=".watch" style="position:relative;" class="darkmode">
  <!-- Google Tag Manager (noscript) -->
<noscript><iframe src="https://www.googletagmanager.com/ns.html?id=GTM-N6T2RXG"
    height="0" width="0" style="display:none;visibility:hidden"></iframe></noscript>
    <!-- End Google Tag Manager (noscript) -->


  <!--[if lt IE 10]>
<p class="browserupgrade">You are using an <strong>outdated</strong> browser. Please <a href="http://browsehappy.com/">upgrade
	your browser</a> to improve your experience.</p>
<![endif]-->

  <div class="menu-mobile">
    <div class="switch-mode">
        <div class="icon-dark"></div>
        <div class="switch"></div>
        <div class="icon-light"></div>
    </div>
    <div class="close-menu"></div>
    <ul>
        <li><a style="font-weight: bold;"
                href="https://community.plotly.com/c/graphing-libraries/julia">Forum</a>
        </li>
        <li><a style="font-weight: bold;" href="https://plotly.com/get-pricing/">Pricing</a></li>
        <li><a style="font-weight: bold;" href="https://dash.plotly.com">Dash</a></li>
        <!--<li><a style="font-weight: bold;" href="http://plotly.cloud">Dash Cloud</a></li>-->

    </ul>
</div>
<div class="header-container">
    <header class="header-main --default">
        <div class="--wrap">
            <div class="--wrap-left">
                <div class="-identity">
                    <a href="https://plotly.com/"><img src="/all_static/images/graphing_library_dark.svg"
                            style="height: 30px;" class="logo-dark"></a>
                    <a href="/graphing-libraries/"><img src="/all_static/images/graphing_library.svg"
                            style="height: 30px;" class="logo-white"></a>


                </div>
            </div>
            <div class="--wrap-right">
                <nav class="--nav-meta" role="navigation">
                    <ul>
                        <li class="languages">
                            
                            
                            <a class="julia">
                                <div class="icon"></div>
                                Julia
                            </a>
                            

                            <ul>
                                <li>
                                    <a href="https://plotly.com/python/" class="python">
                                        <div class="icon"></div>Python (v5.8.2)
                                    </a>
                                </li>
                                <li>
                                    <a href="https://plotly.com/r/" class="r">
                                        <div class="icon"></div>R
                                    </a>
                                </li>
                                <li>
                                    <a href="https://plotly.com/julia/" class="julia">
                                        <div class="icon"></div>Julia
                                    </a>
                                </li>
                                <li>
                                    <a href="https://plotly.com/javascript/" class="plotly_js">
                                        <div class="icon"></div>Javascript (v2.12.1)
                                    </a>
                                </li>
                                <li>
                                    <a href="https://plotly.com/ggplot2/" class="ggplot2">
                                        <div class="icon"></div>ggplot2
                                    </a>
                                </li>
                                <li>
                                    <a href="https://plotly.com/matlab/" class="matlab">
                                        <div class="icon"></div>MATLAB
                                    </a>
                                </li>
                                <li>
                                    <a href="https://plotly.com/fsharp/" class="fsharp">
                                        <div class="icon"></div>F#
                                    </a>
                                </li>
                                <li>
                                    <a href="https://dash.plotly.com/" class="dash">
                                        <div class="icon"></div>Dash
                                    </a>
                                </li>
                            </ul>

                        </li>
                        <li><a style="font-weight: bold;"
                                href="https://community.plotly.com/c/graphing-libraries/julia">Forum</a>
                        </li>
                        <li><a style="font-weight: bold;" href="https://plotly.com/get-pricing/">Pricing</a></li>
                        <li><a style="font-weight: bold;" href="https://dash.plotly.com">Dash</a></li>
                        <!--<li><a style="font-weight: bold;" href="http://plotly.cloud">Dash Cloud</a></li>-->

                        
                        <iframe
                            src="https://ghbtns.com/github-btn.html?user=JuliaPlots&repo=PlotlyJS.jl&type=star&count=true&size=large"
                            style="padding-top: 5px;" frameborder="0" scrolling="0" width="160px"
                            height="40px"></iframe>
                        
                    </ul>
                    <div class="switch-mode">
                        <div class="icon-dark"></div>
                        <div class="switch"></div>
                        <div class="icon-light"></div>
                    </div>
                </nav>
            </div>
            <div class="menu-icon">
                <span></span><span></span><span></span>
            </div>
        </div>
    </header>
</div>


  <main class="--page page--single --index">

    <div class="--wrap">
      <!-- aside - Main Sidebar-->

      






































































































<!-- START OF GGPLOT CUSTOM LAYOUT -->















































<aside class="--sidebar-container">
    <div class="--sidebar-fixed reference" data-spy="affix" id="where">
        <div class="brand">
            <a href="/graphing-libraries/"><img src="/all_static/images/graphing_library.svg" style="height: 30px;"></a>
        </div>
        
        <button id="modal-button" type="button" data-toggle="modal" data-target="#myModal">
            <input id="modal-input" style="border-radius: 5px; width: 100%;" type="text" placeholder="   Search..."
                readonly />
        </button>
        

        

        <details style="color: white;margin-top: 20px;" >
            <summary>Quick Reference</summary>
            <nav class="--sidebar-body watch" id="where">
                <ul class="--sidebar-list" style="margin-left: 15px;">
                    <!-- Getting Started -->
                    <li class="--sidebar-item">
                        <a href="/julia/getting-started" class="js-splash--navigation-item">Getting Started</a>
                    </li>

                    

                    <!-- Reference Pages -->
                    
                    <li class="--sidebar-item">
                        <a href="/julia/reference/index/" class="js-splash--navigation-item">Figure Reference</a>
                    </li>
                    

                    <!-- Python Specific -->

                    

                    <!-- JS Specific -->
                    

                    <!-- R Specific -->
                    

                    <!-- Python/v3 Index Page Specific -->
                    

                    <!-- User Guides -->
                    

                    <!-- Github Links -->

                    
                    <li class="--sidebar-item">
                        <a target="_blank" href="https://github.com/JuliaPlots/PlotlyJS.jl"
                            class="js-splash--navigation-item">GitHub</a>
                    </li>

                    
                    <li class="--sidebar-item">
                        <a target="_blank" href="http://community.plotly.com/"
                            class="js-splash--navigation-item">community.plotly.com</a>
                    </li>

                </ul>
            </nav>
        </details>

        

        <details style="color: white;margin-top: 20px;" open>
            <summary>On This Page</summary>
            <nav class="--sidebar-body watch" id="where">
            <ul class="--sidebar-list" id="nav_header_insertion_list"></ul>
            </nav>
        </details>

        
        
    </div>

    
    <a href="https://plotly.com/careers/?utm_medium=graphing_libraries&utm_content=sidebar" target="_blank">
      <img src="https://images.prismic.io/plotly-marketing-website/a9ba884c-ee2c-40f9-9c39-809ea1b5aac7_dash_doc_banner_career-01+%281%29.jpg?auto=compress,format"
      style="width: 200px; height: 200px; position: fixed; bottom: 10px; left: 50px">
    </a>


</aside>


      <!-- Main-->
      <section class="--page-body --tutorial-index --base">
        <header class="--welcome">
          <div class="--welcome-body">
            <!--div.--wrap-inner-->
            <div class="--title">
              <div class="--body">
                <div class="nav-breadcrumb-container">
    <div>
        <div class="breadcrumb-nav">
            
                <a href="/julia">
                    
                        Julia
                    
                </a>
            

            

            

            
                
                &gt; <a href="/julia/3d-charts">3D Charts</a>
            
            
                &gt; <span>3D Surface Plots</span>
            
            
        </div>
    </div>
    
    <div class="nav-breadcrumb-right">
        <div class="--fork">
        
            
            <a id="forklink" href= "https://github.com/plotly/plotlyjs.jl-docs/edit/master/julia/_posts/julia/html/2021-08-17-3d-surface-plots.html" >
        
            <div class="icon">
                <svg style="width:20px;height:20px" viewbox="0 0 24 24">
                    <path fill="#000000"
                        d="M2.6,10.59L8.38,4.8L10.07,6.5C9.83,7.35 10.22,8.28 11,8.73V14.27C10.4,14.61 10,15.26 10,16A2,2 0 0,0 12,18A2,2 0 0,0 14,16C14,15.26 13.6,14.61 13,14.27V9.41L15.07,11.5C15,11.65 15,11.82 15,12A2,2 0 0,0 17,14A2,2 0 0,0 19,12A2,2 0 0,0 17,10C16.82,10 16.65,10 16.5,10.07L13.93,7.5C14.19,6.57 13.71,5.55 12.78,5.16C12.35,5 11.9,4.96 11.5,5.07L9.8,3.38L10.59,2.6C11.37,1.81 12.63,1.81 13.41,2.6L21.4,10.59C22.19,11.37 22.19,12.63 21.4,13.41L13.41,21.4C12.63,22.19 11.37,22.19 10.59,21.4L2.6,13.41C1.81,12.63 1.81,11.37 2.6,10.59Z">
                    </path>
                </svg>
            </div>
            <span>Suggest an edit to this page</span>
              </a>
        </div>
    </div>
    
</div>

                
                <h1>
                  3D Surface Plots
                  
                  in 
                  Julia
                  
                </h1>
                <p>How to make 3D-surface plots in Julia </p>
                <br>
                
                <!--






<div class="db-client-lib">
  <label>
    This page in another language
  </label>
  <div class="list-lib-wrap">
    <div class="list-lib">
      
      
      <a href=" /julia/3d-surface-plots/" class="current list-lib-item julia">
        
          <div class="item-icon">
          </div>
          <p class="item-language">
            
            Julia
            
          </p>
        </a>
        
      
        <a href=" /matlab/3d-surface-plots/" class="list-lib-item matlab">
          
          <div class="item-icon">
          </div>
          <p class="item-language">
            
            MATLAB®
            
          </p>
        </a>
        
      
        <a href=" /python/3d-surface-plots/" class="list-lib-item python">
          
          <div class="item-icon">
          </div>
          <p class="item-language">
            
            Python
            
          </p>
        </a>
        
      
        <a href=" /r/3d-surface-plots/" class="list-lib-item r">
          
          <div class="item-icon">
          </div>
          <p class="item-language">
            
            R
            
          </p>
        </a>
        
        
        <a target="_blank" href="https://plotly.com/chart-studio-help/make-a-3d-surface-plot/" class="list-lib-item studio">
          <div class="item-icon">
          </div>
          <p class="item-language">
            Studio
          </p>
        </a>
        
    </div>
  </div>
</div>

-->

                

              </div>
            </div>
          </div>
        </header>

        <!-- Start Plotly Basics Section -->
        <section class="tutorial-content">

          






          
<div class="rendered rendered_html">
<h4>Topographical 3D Surface Plot</h4>
<pre><code class="language-julia">using PlotlyJS, CSV, HTTP, DataFrames
# Read data from a csv
df &#61; CSV.File&#40;
    HTTP.get&#40;&quot;https://raw.githubusercontent.com/plotly/datasets/master/api_docs/mt_bruno_elevation.csv&quot;&#41;.body
&#41; |&gt; DataFrame
z_data &#61; Matrix&#123;Float64&#125;&#40;df&#41;
layout &#61; Layout&#40;
    title&#61;&quot;Mt Bruno Elevation&quot;,
    autosize&#61;false,
    width&#61;500,
    height&#61;500,
    margin&#61;attr&#40;l&#61;65, r&#61;50, b&#61;65, t&#61;90&#41;
&#41;
plot&#40;surface&#40;z&#61;z_data&#41;, layout&#41;</code></pre>
<div>
    
    
    <div
        id=1013ce5d-ce80-4ffb-8d31-d43a036959d2
        class="plotly-graph-div"
        style="height:500; width:500;">
    </div>
    <script type="text/javascript">
        require(["plotly"], function(Plotly) {
        window.PLOTLYENV = window.PLOTLYENV || {}
        
        if (document.getElementById('1013ce5d-ce80-4ffb-8d31-d43a036959d2')) {
    Plotly.newPlot(
        '1013ce5d-ce80-4ffb-8d31-d43a036959d2',
        [{"type":"surface","z":[[0.0,1.0,2.0,3.0,4.0,5.0,6.0,7.0,8.0,9.0,10.0,11.0,12.0,13.0,14.0,15.0,16.0,17.0,18.0,19.0,20.0,21.0,22.0,23.0,24.0],[27.80985,27.71966,30.4267,16.66549,8.815617,6.628881,21.83975,53.34303,25.66785,12.827,0.0,0.0,0.0,0.0,0.0,0.0,0.0,0.0,0.0,0.0,0.0,0.0,0.0,0.001229679,0.0],[49.61936,48.55022,33.47752,30.1086,18.3516,10.41339,6.63927,26.79797,63.05717,69.20554,68.66396,95.17499,134.9879,48.08919,54.1941,6.919659,21.73871,0.0,0.0,0.0,0.0,0.0,0.0,3.008948,5.626141],[83.08067,65.21374,44.80953,39.96952,8.658275,24.81939,18.97085,6.63927,22.1414,46.76293,59.0435,80.03818,130.3696,142.5558,146.3839,195.1709,123.1339,62.04672,79.62993,33.2664,29.77937,31.409,19.58994,5.909858,7.676256],[116.6632,95.27666,62.47495,44.12225,27.5859,26.08952,32.89204,10.88787,17.074,13.96517,33.35762,59.89862,96.86325,140.3777,99.48143,132.5253,176.7414,136.3122,139.6978,57.53643,54.97282,132.7418,42.30355,33.50574,63.16226],[130.414,116.9964,77.43523,59.57512,48.62691,30.1605,43.15014,17.2044,41.74483,33.88744,47.45282,39.58476,75.70494,154.7261,96.19411,135.2341,158.2698,201.7952,173.167,167.2241,144.7995,185.5796,96.26777,104.3341,45.99762],[150.7206,133.9056,104.2153,77.56929,60.18013,52.30802,62.86014,56.18116,60.27227,61.82613,57.8355,50.28058,58.86466,87.9361,102.9473,89.85069,137.235,168.1343,192.8718,196.4833,207.4904,121.8299,187.1207,152.2165,79.56688],[220.1871,152.3412,102.7393,106.8925,91.3286,64.71007,104.6657,79.70141,81.42432,84.74799,78.91689,63.81641,57.20374,58.11092,76.14089,89.45549,105.3089,95.2046,196.3499,194.7966,165.3432,185.3841,179.6626,198.1988,227.311],[156.1536,151.934,137.0004,166.5539,145.7109,76.30823,130.2294,90.8453,114.444,121.122,107.8275,80.61302,55.18837,52.83869,57.7844,60.29967,86.63255,58.90624,144.6611,182.1884,171.4047,160.6566,221.3898,191.841,203.9287],[148.6416,160.1139,186.0706,175.2381,116.0653,84.63686,114.8494,98.27675,102.3234,145.2741,168.0053,66.37824,78.128,67.14822,47.0402,50.33806,53.11591,46.94091,106.5424,119.6961,174.9216,116.1478,154.2617,228.7349,172.5618],[203.7845,179.5327,219.3173,185.2815,106.2662,99.4324,106.9873,80.87243,101.7878,153.1797,130.9597,198.7651,108.5582,83.66798,64.36799,39.17583,29.03865,49.27053,57.16653,73.02113,100.2733,118.1078,142.1604,168.1041,177.1462],[206.0386,147.6184,181.7615,154.5056,68.69447,62.52132,61.89647,74.7931,111.031,204.786,212.5541,244.3467,154.3774,118.9242,84.23767,59.06854,30.40539,37.10416,41.16107,48.36549,61.46441,141.7946,148.5737,144.2759,140.4554],[107.1618,170.3943,120.9154,83.0433,53.10596,46.81647,55.55682,75.54661,119.2309,227.9242,165.8122,294.2474,319.1686,150.0681,162.7181,74.52159,39.04902,17.97011,32.12764,33.74652,50.19171,65.56351,67.17937,110.7436,123.9905],[68.36975,121.8194,143.1835,62.61732,37.92797,55.76606,86.80986,73.4373,114.0777,236.3038,210.2429,264.3517,372.8826,272.9709,121.3275,84.93402,49.23405,30.93697,13.8566,26.2379,26.08209,48.84066,40.69044,57.65214,110.346],[45.3359,52.58537,82.40501,62.33167,47.95942,82.4099,89.27802,74.11694,110.5296,228.3655,181.1713,176.4082,275.4655,341.1366,213.1646,187.1219,63.27853,33.39257,10.91772,16.3578,17.18218,23.13864,39.74512,42.63504,65.12319],[49.96142,33.08871,48.47132,60.55916,47.42691,140.2647,122.4221,68.1749,59.19355,79.34425,189.7617,60.21857,130.2632,238.664,328.482,123.9673,111.4215,44.03077,12.07177,6.811293,8.468093,18.12932,26.10166,27.91891,34.31887],[21.89279,38.40972,74.71461,55.92124,69.20731,81.26501,123.9698,46.24076,42.47175,25.93483,137.3378,77.41475,54.93822,190.2,285.4489,103.7027,101.1956,55.64542,22.38254,6.63927,6.63927,10.28531,14.48469,15.41052,24.5278],[17.02552,44.24843,60.0909,15.17284,44.95468,56.45756,109.0952,39.93857,14.63598,6.944074,84.65395,53.16981,25.49719,116.8943,283.8319,128.986,40.00962,78.22423,24.72105,6.639271,6.334467,6.029663,8.65873,8.056102,9.561069],[11.74317,69.5786,7.073525,8.248324,29.17197,30.42164,98.41956,31.21653,6.944074,6.944074,8.677168,56.16393,8.047439,91.48672,212.815,165.1283,59.84565,14.42782,6.803666,8.468093,6.334467,6.044627,3.896037,3.90283,3.334991],[14.75226,4.019351,6.089851,36.68087,17.91674,17.28782,77.61374,36.88335,6.944075,6.944075,6.956576,6.949235,8.084393,14.0157,164.549,249.7054,74.51253,9.954997,4.200841,6.194273,5.666687,5.694764,3.571392,3.879774,5.590495],[13.6671,3.050024,6.53745,61.93413,16.25515,8.302431,32.49031,40.02525,27.74936,7.553681,8.468093,7.531059,5.115252,42.29277,92.29631,95.39966,17.06316,7.768213,16.46857,3.591233,4.272203,3.739085,3.896037,3.936718,5.487353],[5.677561,3.039719,6.666096,20.26867,14.65559,2.981626,14.67344,117.4297,0.0,0.0,0.0,3.780177,5.678269,5.115252,7.244015,10.00284,2.435141,13.0254,15.70744,3.81486,0.0,3.896037,3.896037,3.968634,5.909499],[3.31234,2.996142,7.306965,68.58819,17.26048,2.698536,7.370775,12.70328,0.0,0.0,0.0,0.0,0.0,0.0,1.167,2.39255,2.287471,21.73166,33.96221,8.600739,0.0,0.0,3.896037,0.1236256,5.868994],[1.156517,2.967954,5.73684,46.49812,31.22245,5.886086,0.03711011,1.729771,0.09449376,0.0,0.0,0.0,0.0,0.0,0.0,0.0,-0.0003636982,2.156372,7.575688,5.21889,0.0,0.0,1.077756,3.985531,5.833817],[-0.147662,1.999594,3.625628,0.2360095,46.71704,5.268358,0.6423392,0.0,0.07732264,0.0,0.0,0.0,0.0,0.0,0.0,0.0,0.0,0.5317867,-0.04880907,0.0,0.0,0.0,0.0,-0.1835741,3.568177]]}],
        {"autosize":false,"template":{"layout":{"coloraxis":{"colorbar":{"ticks":"","outlinewidth":0}},"xaxis":{"gridcolor":"white","zerolinewidth":2,"title":{"standoff":15},"ticks":"","zerolinecolor":"white","automargin":true,"linecolor":"white"},"hovermode":"closest","paper_bgcolor":"white","geo":{"showlakes":true,"showland":true,"landcolor":"#E5ECF6","bgcolor":"white","subunitcolor":"white","lakecolor":"white"},"colorscale":{"sequential":[[0.0,"#0d0887"],[0.1111111111111111,"#46039f"],[0.2222222222222222,"#7201a8"],[0.3333333333333333,"#9c179e"],[0.4444444444444444,"#bd3786"],[0.5555555555555556,"#d8576b"],[0.6666666666666666,"#ed7953"],[0.7777777777777778,"#fb9f3a"],[0.8888888888888888,"#fdca26"],[1.0,"#f0f921"]],"diverging":[[0,"#8e0152"],[0.1,"#c51b7d"],[0.2,"#de77ae"],[0.3,"#f1b6da"],[0.4,"#fde0ef"],[0.5,"#f7f7f7"],[0.6,"#e6f5d0"],[0.7,"#b8e186"],[0.8,"#7fbc41"],[0.9,"#4d9221"],[1,"#276419"]],"sequentialminus":[[0.0,"#0d0887"],[0.1111111111111111,"#46039f"],[0.2222222222222222,"#7201a8"],[0.3333333333333333,"#9c179e"],[0.4444444444444444,"#bd3786"],[0.5555555555555556,"#d8576b"],[0.6666666666666666,"#ed7953"],[0.7777777777777778,"#fb9f3a"],[0.8888888888888888,"#fdca26"],[1.0,"#f0f921"]]},"yaxis":{"gridcolor":"white","zerolinewidth":2,"title":{"standoff":15},"ticks":"","zerolinecolor":"white","automargin":true,"linecolor":"white"},"shapedefaults":{"line":{"color":"#2a3f5f"}},"hoverlabel":{"align":"left"},"mapbox":{"style":"light"},"polar":{"angularaxis":{"gridcolor":"white","ticks":"","linecolor":"white"},"bgcolor":"#E5ECF6","radialaxis":{"gridcolor":"white","ticks":"","linecolor":"white"}},"autotypenumbers":"strict","font":{"color":"#2a3f5f"},"ternary":{"baxis":{"gridcolor":"white","ticks":"","linecolor":"white"},"bgcolor":"#E5ECF6","caxis":{"gridcolor":"white","ticks":"","linecolor":"white"},"aaxis":{"gridcolor":"white","ticks":"","linecolor":"white"}},"annotationdefaults":{"arrowhead":0,"arrowwidth":1,"arrowcolor":"#2a3f5f"},"plot_bgcolor":"#E5ECF6","title":{"x":0.05},"scene":{"xaxis":{"gridcolor":"white","gridwidth":2,"backgroundcolor":"#E5ECF6","ticks":"","showbackground":true,"zerolinecolor":"white","linecolor":"white"},"zaxis":{"gridcolor":"white","gridwidth":2,"backgroundcolor":"#E5ECF6","ticks":"","showbackground":true,"zerolinecolor":"white","linecolor":"white"},"yaxis":{"gridcolor":"white","gridwidth":2,"backgroundcolor":"#E5ECF6","ticks":"","showbackground":true,"zerolinecolor":"white","linecolor":"white"}},"colorway":["#636efa","#EF553B","#00cc96","#ab63fa","#FFA15A","#19d3f3","#FF6692","#B6E880","#FF97FF","#FECB52"]},"data":{"barpolar":[{"type":"barpolar","marker":{"line":{"color":"#E5ECF6","width":0.5}}}],"carpet":[{"aaxis":{"gridcolor":"white","endlinecolor":"#2a3f5f","minorgridcolor":"white","startlinecolor":"#2a3f5f","linecolor":"white"},"type":"carpet","baxis":{"gridcolor":"white","endlinecolor":"#2a3f5f","minorgridcolor":"white","startlinecolor":"#2a3f5f","linecolor":"white"}}],"scatterpolar":[{"type":"scatterpolar","marker":{"colorbar":{"ticks":"","outlinewidth":0}}}],"parcoords":[{"line":{"colorbar":{"ticks":"","outlinewidth":0}},"type":"parcoords"}],"scatter":[{"type":"scatter","marker":{"colorbar":{"ticks":"","outlinewidth":0}}}],"histogram2dcontour":[{"colorbar":{"ticks":"","outlinewidth":0},"type":"histogram2dcontour","colorscale":[[0.0,"#0d0887"],[0.1111111111111111,"#46039f"],[0.2222222222222222,"#7201a8"],[0.3333333333333333,"#9c179e"],[0.4444444444444444,"#bd3786"],[0.5555555555555556,"#d8576b"],[0.6666666666666666,"#ed7953"],[0.7777777777777778,"#fb9f3a"],[0.8888888888888888,"#fdca26"],[1.0,"#f0f921"]]}],"contour":[{"colorbar":{"ticks":"","outlinewidth":0},"type":"contour","colorscale":[[0.0,"#0d0887"],[0.1111111111111111,"#46039f"],[0.2222222222222222,"#7201a8"],[0.3333333333333333,"#9c179e"],[0.4444444444444444,"#bd3786"],[0.5555555555555556,"#d8576b"],[0.6666666666666666,"#ed7953"],[0.7777777777777778,"#fb9f3a"],[0.8888888888888888,"#fdca26"],[1.0,"#f0f921"]]}],"scattercarpet":[{"type":"scattercarpet","marker":{"colorbar":{"ticks":"","outlinewidth":0}}}],"mesh3d":[{"colorbar":{"ticks":"","outlinewidth":0},"type":"mesh3d"}],"surface":[{"colorbar":{"ticks":"","outlinewidth":0},"type":"surface","colorscale":[[0.0,"#0d0887"],[0.1111111111111111,"#46039f"],[0.2222222222222222,"#7201a8"],[0.3333333333333333,"#9c179e"],[0.4444444444444444,"#bd3786"],[0.5555555555555556,"#d8576b"],[0.6666666666666666,"#ed7953"],[0.7777777777777778,"#fb9f3a"],[0.8888888888888888,"#fdca26"],[1.0,"#f0f921"]]}],"scattermapbox":[{"type":"scattermapbox","marker":{"colorbar":{"ticks":"","outlinewidth":0}}}],"scattergeo":[{"type":"scattergeo","marker":{"colorbar":{"ticks":"","outlinewidth":0}}}],"histogram":[{"type":"histogram","marker":{"colorbar":{"ticks":"","outlinewidth":0}}}],"pie":[{"type":"pie","automargin":true}],"choropleth":[{"colorbar":{"ticks":"","outlinewidth":0},"type":"choropleth"}],"heatmapgl":[{"colorbar":{"ticks":"","outlinewidth":0},"type":"heatmapgl","colorscale":[[0.0,"#0d0887"],[0.1111111111111111,"#46039f"],[0.2222222222222222,"#7201a8"],[0.3333333333333333,"#9c179e"],[0.4444444444444444,"#bd3786"],[0.5555555555555556,"#d8576b"],[0.6666666666666666,"#ed7953"],[0.7777777777777778,"#fb9f3a"],[0.8888888888888888,"#fdca26"],[1.0,"#f0f921"]]}],"bar":[{"type":"bar","error_y":{"color":"#2a3f5f"},"error_x":{"color":"#2a3f5f"},"marker":{"line":{"color":"#E5ECF6","width":0.5}}}],"heatmap":[{"colorbar":{"ticks":"","outlinewidth":0},"type":"heatmap","colorscale":[[0.0,"#0d0887"],[0.1111111111111111,"#46039f"],[0.2222222222222222,"#7201a8"],[0.3333333333333333,"#9c179e"],[0.4444444444444444,"#bd3786"],[0.5555555555555556,"#d8576b"],[0.6666666666666666,"#ed7953"],[0.7777777777777778,"#fb9f3a"],[0.8888888888888888,"#fdca26"],[1.0,"#f0f921"]]}],"contourcarpet":[{"colorbar":{"ticks":"","outlinewidth":0},"type":"contourcarpet"}],"table":[{"type":"table","header":{"line":{"color":"white"},"fill":{"color":"#C8D4E3"}},"cells":{"line":{"color":"white"},"fill":{"color":"#EBF0F8"}}}],"scatter3d":[{"line":{"colorbar":{"ticks":"","outlinewidth":0}},"type":"scatter3d","marker":{"colorbar":{"ticks":"","outlinewidth":0}}}],"scattergl":[{"type":"scattergl","marker":{"colorbar":{"ticks":"","outlinewidth":0}}}],"histogram2d":[{"colorbar":{"ticks":"","outlinewidth":0},"type":"histogram2d","colorscale":[[0.0,"#0d0887"],[0.1111111111111111,"#46039f"],[0.2222222222222222,"#7201a8"],[0.3333333333333333,"#9c179e"],[0.4444444444444444,"#bd3786"],[0.5555555555555556,"#d8576b"],[0.6666666666666666,"#ed7953"],[0.7777777777777778,"#fb9f3a"],[0.8888888888888888,"#fdca26"],[1.0,"#f0f921"]]}],"scatterternary":[{"type":"scatterternary","marker":{"colorbar":{"ticks":"","outlinewidth":0}}}],"scatterpolargl":[{"type":"scatterpolargl","marker":{"colorbar":{"ticks":"","outlinewidth":0}}}]}},"height":500,"margin":{"l":65,"b":65,"r":50,"t":90},"title":"Mt Bruno Elevation","width":500},
        {"editable":false,"responsive":true,"staticPlot":false,"scrollZoom":true},
    )
}

        });
    </script>
</div>


<h3>Passing x and y data to 3D Surface Plot</h3>
<p>If you do not specify <code>x</code> and <code>y</code> coordinates, integer indices are used for the <code>x</code> and <code>y</code> axis. You can also pass <code>x</code> and <code>y</code> values to <code>surface</code>.</p>
<pre><code class="language-julia">using PlotlyJS, CSV, HTTP, DataFrames
# Read data from a csv
df &#61; CSV.File&#40;
    HTTP.get&#40;&quot;https://raw.githubusercontent.com/plotly/datasets/master/api_docs/mt_bruno_elevation.csv&quot;&#41;.body
&#41; |&gt; DataFrame

z_data &#61; Matrix&#123;Float64&#125;&#40;df&#41;&#39;
&#40;sh_0, sh_1&#41; &#61; size&#40;z_data&#41;

x &#61; range&#40;0, stop&#61;1, length&#61;sh_0&#41;
y &#61; range&#40;0, stop&#61;1, length&#61;sh_1&#41;
layout &#61; Layout&#40;
    title&#61;&quot;Mt Bruno Elevation&quot;, autosize&#61;false,
    width&#61;500, height&#61;500,
    margin&#61;attr&#40;l&#61;65, r&#61;50, b&#61;65, t&#61;90&#41;
&#41;

plot&#40;surface&#40;z&#61;z_data, x&#61;x, y&#61;y&#41;, layout&#41;
</code></pre>
<div>
    
    
    <div
        id=59ff32fc-afa1-4df7-a627-91ed304ff0c3
        class="plotly-graph-div"
        style="height:500; width:500;">
    </div>
    <script type="text/javascript">
        require(["plotly"], function(Plotly) {
        window.PLOTLYENV = window.PLOTLYENV || {}
        
        if (document.getElementById('59ff32fc-afa1-4df7-a627-91ed304ff0c3')) {
    Plotly.newPlot(
        '59ff32fc-afa1-4df7-a627-91ed304ff0c3',
        [{"y":[0.0,0.041666666666666664,0.08333333333333333,0.125,0.16666666666666666,0.20833333333333334,0.25,0.2916666666666667,0.3333333333333333,0.375,0.4166666666666667,0.4583333333333333,0.5,0.5416666666666666,0.5833333333333334,0.625,0.6666666666666666,0.7083333333333334,0.75,0.7916666666666666,0.8333333333333334,0.875,0.9166666666666666,0.9583333333333334,1.0],"type":"surface","z":[[0.0,27.80985,49.61936,83.08067,116.6632,130.414,150.7206,220.1871,156.1536,148.6416,203.7845,206.0386,107.1618,68.36975,45.3359,49.96142,21.89279,17.02552,11.74317,14.75226,13.6671,5.677561,3.31234,1.156517,-0.147662],[1.0,27.71966,48.55022,65.21374,95.27666,116.9964,133.9056,152.3412,151.934,160.1139,179.5327,147.6184,170.3943,121.8194,52.58537,33.08871,38.40972,44.24843,69.5786,4.019351,3.050024,3.039719,2.996142,2.967954,1.999594],[2.0,30.4267,33.47752,44.80953,62.47495,77.43523,104.2153,102.7393,137.0004,186.0706,219.3173,181.7615,120.9154,143.1835,82.40501,48.47132,74.71461,60.0909,7.073525,6.089851,6.53745,6.666096,7.306965,5.73684,3.625628],[3.0,16.66549,30.1086,39.96952,44.12225,59.57512,77.56929,106.8925,166.5539,175.2381,185.2815,154.5056,83.0433,62.61732,62.33167,60.55916,55.92124,15.17284,8.248324,36.68087,61.93413,20.26867,68.58819,46.49812,0.2360095],[4.0,8.815617,18.3516,8.658275,27.5859,48.62691,60.18013,91.3286,145.7109,116.0653,106.2662,68.69447,53.10596,37.92797,47.95942,47.42691,69.20731,44.95468,29.17197,17.91674,16.25515,14.65559,17.26048,31.22245,46.71704],[5.0,6.628881,10.41339,24.81939,26.08952,30.1605,52.30802,64.71007,76.30823,84.63686,99.4324,62.52132,46.81647,55.76606,82.4099,140.2647,81.26501,56.45756,30.42164,17.28782,8.302431,2.981626,2.698536,5.886086,5.268358],[6.0,21.83975,6.63927,18.97085,32.89204,43.15014,62.86014,104.6657,130.2294,114.8494,106.9873,61.89647,55.55682,86.80986,89.27802,122.4221,123.9698,109.0952,98.41956,77.61374,32.49031,14.67344,7.370775,0.03711011,0.6423392],[7.0,53.34303,26.79797,6.63927,10.88787,17.2044,56.18116,79.70141,90.8453,98.27675,80.87243,74.7931,75.54661,73.4373,74.11694,68.1749,46.24076,39.93857,31.21653,36.88335,40.02525,117.4297,12.70328,1.729771,0.0],[8.0,25.66785,63.05717,22.1414,17.074,41.74483,60.27227,81.42432,114.444,102.3234,101.7878,111.031,119.2309,114.0777,110.5296,59.19355,42.47175,14.63598,6.944074,6.944075,27.74936,0.0,0.0,0.09449376,0.07732264],[9.0,12.827,69.20554,46.76293,13.96517,33.88744,61.82613,84.74799,121.122,145.2741,153.1797,204.786,227.9242,236.3038,228.3655,79.34425,25.93483,6.944074,6.944074,6.944075,7.553681,0.0,0.0,0.0,0.0],[10.0,0.0,68.66396,59.0435,33.35762,47.45282,57.8355,78.91689,107.8275,168.0053,130.9597,212.5541,165.8122,210.2429,181.1713,189.7617,137.3378,84.65395,8.677168,6.956576,8.468093,0.0,0.0,0.0,0.0],[11.0,0.0,95.17499,80.03818,59.89862,39.58476,50.28058,63.81641,80.61302,66.37824,198.7651,244.3467,294.2474,264.3517,176.4082,60.21857,77.41475,53.16981,56.16393,6.949235,7.531059,3.780177,0.0,0.0,0.0],[12.0,0.0,134.9879,130.3696,96.86325,75.70494,58.86466,57.20374,55.18837,78.128,108.5582,154.3774,319.1686,372.8826,275.4655,130.2632,54.93822,25.49719,8.047439,8.084393,5.115252,5.678269,0.0,0.0,0.0],[13.0,0.0,48.08919,142.5558,140.3777,154.7261,87.9361,58.11092,52.83869,67.14822,83.66798,118.9242,150.0681,272.9709,341.1366,238.664,190.2,116.8943,91.48672,14.0157,42.29277,5.115252,0.0,0.0,0.0],[14.0,0.0,54.1941,146.3839,99.48143,96.19411,102.9473,76.14089,57.7844,47.0402,64.36799,84.23767,162.7181,121.3275,213.1646,328.482,285.4489,283.8319,212.815,164.549,92.29631,7.244015,1.167,0.0,0.0],[15.0,0.0,6.919659,195.1709,132.5253,135.2341,89.85069,89.45549,60.29967,50.33806,39.17583,59.06854,74.52159,84.93402,187.1219,123.9673,103.7027,128.986,165.1283,249.7054,95.39966,10.00284,2.39255,0.0,0.0],[16.0,0.0,21.73871,123.1339,176.7414,158.2698,137.235,105.3089,86.63255,53.11591,29.03865,30.40539,39.04902,49.23405,63.27853,111.4215,101.1956,40.00962,59.84565,74.51253,17.06316,2.435141,2.287471,-0.0003636982,0.0],[17.0,0.0,0.0,62.04672,136.3122,201.7952,168.1343,95.2046,58.90624,46.94091,49.27053,37.10416,17.97011,30.93697,33.39257,44.03077,55.64542,78.22423,14.42782,9.954997,7.768213,13.0254,21.73166,2.156372,0.5317867],[18.0,0.0,0.0,79.62993,139.6978,173.167,192.8718,196.3499,144.6611,106.5424,57.16653,41.16107,32.12764,13.8566,10.91772,12.07177,22.38254,24.72105,6.803666,4.200841,16.46857,15.70744,33.96221,7.575688,-0.04880907],[19.0,0.0,0.0,33.2664,57.53643,167.2241,196.4833,194.7966,182.1884,119.6961,73.02113,48.36549,33.74652,26.2379,16.3578,6.811293,6.63927,6.639271,8.468093,6.194273,3.591233,3.81486,8.600739,5.21889,0.0],[20.0,0.0,0.0,29.77937,54.97282,144.7995,207.4904,165.3432,171.4047,174.9216,100.2733,61.46441,50.19171,26.08209,17.18218,8.468093,6.63927,6.334467,6.334467,5.666687,4.272203,0.0,0.0,0.0,0.0],[21.0,0.0,0.0,31.409,132.7418,185.5796,121.8299,185.3841,160.6566,116.1478,118.1078,141.7946,65.56351,48.84066,23.13864,18.12932,10.28531,6.029663,6.044627,5.694764,3.739085,3.896037,0.0,0.0,0.0],[22.0,0.0,0.0,19.58994,42.30355,96.26777,187.1207,179.6626,221.3898,154.2617,142.1604,148.5737,67.17937,40.69044,39.74512,26.10166,14.48469,8.65873,3.896037,3.571392,3.896037,3.896037,3.896037,1.077756,0.0],[23.0,0.001229679,3.008948,5.909858,33.50574,104.3341,152.2165,198.1988,191.841,228.7349,168.1041,144.2759,110.7436,57.65214,42.63504,27.91891,15.41052,8.056102,3.90283,3.879774,3.936718,3.968634,0.1236256,3.985531,-0.1835741],[24.0,0.0,5.626141,7.676256,63.16226,45.99762,79.56688,227.311,203.9287,172.5618,177.1462,140.4554,123.9905,110.346,65.12319,34.31887,24.5278,9.561069,3.334991,5.590495,5.487353,5.909499,5.868994,5.833817,3.568177]],"x":[0.0,0.041666666666666664,0.08333333333333333,0.125,0.16666666666666666,0.20833333333333334,0.25,0.2916666666666667,0.3333333333333333,0.375,0.4166666666666667,0.4583333333333333,0.5,0.5416666666666666,0.5833333333333334,0.625,0.6666666666666666,0.7083333333333334,0.75,0.7916666666666666,0.8333333333333334,0.875,0.9166666666666666,0.9583333333333334,1.0]}],
