x0 = randn(100,1)./5. + 0.5;
y0 = randn(100,1)./5. + 0.5;
x1 = rand(50,1);
y1 = rand(50,1) + 1.0;


x = [x0; x1];
y = [y0; y1];